303534135132
301341350343434132
300134135132
300134135132
300034135132
300013535132
300003535132
300001350343434132
300000350343434132
300000135132
300000035132
300000013433403432
300000003433434132
300000001343434132
300000000343434132
300000000133434132
300000000033434132
300000000013434132
300000000003434132
300000000001353432
300000000000353432
300000000000134132
300000000000034132
300000000000013432
300000000000003432
30000000000000134132
300000000000000132
300000000000000132
300000000000000032
3000000000000000134134343434342
3000000000000000034134343434342
3000000000000000013434343434342
3000000000000000003434343434342
3000000000000000001343534434342
3000000000000000000343534434342
3000000000000000000134343434342
3000000000000000000034343434342
3000000000000000000013534434342
3000000000000000000003534434342
3000000000000000000001343434342
3000000000000000000000343434342
3000000000000000000000134434342
3000000000000000000000034434342
3000000000000000000000013434342
3000000000000000000000003434342
300000000000000000000000134341344343413434353413544343413532
300000000000000000000000034341344343413434353413544343413532
3000000000000000000000000134342
3000000000000000000000000034342
300000000000000000000000001341344343413434353413543434343532
300000000000000000000000000341344343413434353413543434343532
3000000000000000000000000001342
3000000000000000000000000000342
300000000000000000000000000013414034134334353413544343413532
300000000000000000000000000003414034134334343413544343413532
300000000000000000000000000001344343413434353413543434343532
300000000000000000000000000000344343434334353413543434343532
300000000000000000000000000000134343434334353413543434343532
300000000000000000000000000000034343434334353413543434343532
300000000000000000000000000000014343413434343413543434343532
300000000000000000000000000000004343413434343413543434343532
300000000000000000000000000000001343413434343413543434343532
300000000000000000000000000000000343413434343413543434343532
300000000000000000000000000000000134134334343413543434343532
300000000000000000000000000000000034134334343413543434343532
300000000000000000000000000000000013413434343413543434343532
300000000000000000000000000000000003413434343413543434343532
3000000000000000000000000000000000013434343434135434343435341342
3000000000000000000000000000000000003434343434135434343435341342
300000000000000000000000000000000000134334343413543434343532
300000000000000000000000000000000000034334343413543434343532
300000000000000000000000000000000000013434343413543434343532
3000000000000000000000000000000000000034343434135434343435341342
3000000000000000000000000000000000000013343434135434343435341342
3000000000000000000000000000000000000003343434135434343435341342
3000000000000000000000000000000000000001343434135434343435341342
3000000000000000000000000000000000000000343434135434343435341342
3000000000000000000000000000000000000000134341341434343435341342
3000000000000000000000000000000000000000034341341434343435341342
3000000000000000000000000000000000000000013434135434343435341342
3000000000000000000000000000000000000000003434135434343435341342
3000000000000000000000000000000000000000001341341434343435341342
3000000000000000000000000000000000000000000341341434343435341342
3000000000000000000000000000000000000000000134135434343435341342
3000000000000000000000000000000000000000000034135434343435341342
3000000000000000000000000000000000000000000013135434343435341342
3000000000000000000000000000000000000000000003135434343435341342
3000000000000000000000000000000000000000000001341434343435341342
3000000000000000000000000000000000000000000000341434343435341342
3000000000000000000000000000000000000000000000135434343435341342
3000000000000000000000000000000000000000000000035434343435341342
3000000000000000000000000000000000000000000000013434343435341342
3000000000000000000000000000000000000000000000003434343435341342
3000000000000000000000000000000000000000000000001434343435341342
3000000000000000000000000000000000000000000000000434343435341342
3000000000000000000000000000000000000000000000000134343435341342
3000000000000000000000000000000000000000000000000034343435341342
3000000000000000000000000000000000000000000000000013434135341342
3000000000000000000000000000000000000000000000000003343435341342
3000000000000000000000000000000000000000000000000001343435341342
3000000000000000000000000000000000000000000000000000343435341342
3000000000000000000000000000000000000000000000000000134135341342
3000000000000000000000000000000000000000000000000000034135341342
3000000000000000000000000000000000000000000000000000013435341342
3000000000000000000000000000000000000000000000000000003435341342
3000000000000000000000000000000000000000000000000000001341341342
3000000000000000000000000000000000000000000000000000000341341342
3000000000000000000000000000000000000000000000000000000135341342
3000000000000000000000000000000000000000000000000000000035341342
300000000000000000000000000000000000000000000000000000001342
300000000000000000000000000000000000000000000000000000000342
3000000000000000000000000000000000000000000000000000000001341343434134135343434341432
3000000000000000000000000000000000000000000000000000000000341343434134135343434341432
3000000000000000000000000000000000000000000000000000000000135343434134135343434341432
3000000000000000000000000000000000000000000000000000000000035343434134135343434341432
3000000000000000000000000000000000000000000000000000000000011343434134135343434341432
3000000000000000000000000000000000000000000000000000000000001343434134135343434341432
3000000000000000000000000000000000000000000000000000000000001343434134135343434341432
3000000000000000000000000000000000000000000000000000000000000343434134135343434341432
3000000000000000000000000000000000000000000000000000000000000134343134135343434341432
3000000000000000000000000000000000000000000000000000000000000034343134135343434341432
3000000000000000000000000000000000000000000000000000000000000013434134135343434341432
3000000000000000000000000000000000000000000000000000000000000003434134135343434341432
3000000000000000000000000000000000000000000000000000000000000001343134135343434341432
3000000000000000000000000000000000000000000000000000000000000000343134135343434341432
3000000000000000000000000000000000000000000000000000000000000000134134135343434341432
3000000000000000000000000000000000000000000000000000000000000000034134135343434341432
3000000000000000000000000000000000000000000000000000000000000000013134135343434341432
3000000000000000000000000000000000000000000000000000000000000000003134135343434341432
300000000000000000000000000000000000000000000000000000000000000000135343534343434134341343413434413413403534403413434343413441341341343534341341434343343403435135130353413435353534134035341341353434034132
300000000000000000000000000000000000000000000000000000000000000000035343534343434134341343413434413413403534403413434343413441341341343534341341434343343403435135130353413435353534134035341341353434034132
3000000000000000000000000000000000000000000000000000000000000000000134135343434341432
300000000000000000000000000000000000000000000000000000000000000000003413534343434134341343534134413413403534403413434343413441341341343534341341434343343403435135130353413435353534134035341341353434034132
3000000000000000000000000000000000000000000000000000000000000000000014135343434341432
300000000000000000000000000000000000000000000000000000000000000000000343534343434134341343413434413413403534403413434343413441341341343534341341434343343403435135130353413435353534134035341341353434034132
300000000000000000000000000000000000000000000000000000000000000000000134134343434134341343413434413413403534403413434343413441341341343534341341434343343403435135130353413435353534134035341341353434034132
300000000000000000000000000000000000000000000000000000000000000000000034134343434134341343413434413413403534403413434343413441341341343534341341434343343403435135130353413435353534134035341341353434034132
300000000000000000000000000000000000000000000000000000000000000000000013534343434134341343413434413413403534403413434343413441341341343534341341434343343403435135130353413435353534134035341341353434034132
300000000000000000000000000000000000000000000000000000000000000000000003534343434134341343413434413413403534403413434343413441341341343534341341434343343403435135130353413435353534134035341341353434034132
3000000000000000000000000000000000000000000000000000000000000000000000013534343434132
300000000000000000000000000000000000000000000000000000000000000000000000134343434134341343413434413413403534403413434343413441341341343534341341434343343403435135130353413435353534134035341341353434344132
300000000000000000000000000000000000000000000000000000000000000000000000134343434134341343413434413413403534403413434343413441341341343534341341434343343403435135130353413435353534134035341341353434344132
300000000000000000000000000000000000000000000000000000000000000000000000034343434134341343413434413413403534403413434343413441341341343534341341434343343403435135130353413435353534134035341341353434344132
300000000000000000000000000000000000000000000000000000000000000000000000013434134134341343413434413413403534403413434343413441341341343534341341434343343403435135130353413435353534134035341341353434344132
300000000000000000000000000000000000000000000000000000000000000000000000003434134134341343413434413413403534403413434343413441341341343534341341434343343403435135130353413435353534134035341341353434344132
300000000000000000000000000000000000000000000000000000000000000000000000001343434134341343413434413413403534403413434343413441341341343534341341434343343403435135130353413435353534134035341341353434344132
300000000000000000000000000000000000000000000000000000000000000000000000000343434134341343413434413413403534403413434343413441341341343534341341434343343403435135130353413435353534134035341341353434344132
300000000000000000000000000000000000000000000000000000000000000000000000000134134134341343413434413413403534403413434343413441341341343534341341434343343403435135130353413435353534134035341341353434034132
300000000000000000000000000000000000000000000000000000000000000000000000000034134134341343413434413413403534403413434343413441341341343534341341434343343403435135130353413435353534134035341341353434344132
300000000000000000000000000000000000000000000000000000000000000000000000000013434134341343413434413413403534403413434343413441341341343534341341434343343403435135130353413435353534134035341341353434034132
300000000000000000000000000000000000000000000000000000000000000000000000000003434134341343413434413413403534403413434343413441341341343534341341434343343403435135130353413435353534134035341341353434034132
3000000000000000000000000000000000000000000000000000000000000000000000000000013434132
3000000000000000000000000000000000000000000000000000000000000000000000000000003434132
300000000000000000000000000000000000000000000000000000000000000000000000000000134134341343413434413413403534403413434343413441341341343534341341434343343403435135130353413435353534134035341341353434344132
300000000000000000000000000000000000000000000000000000000000000000000000000000034134341343413434341341343534403413434343413441341341343534341341434343343403435135130353413435353534134035341341353434344132
300000000000000000000000000000000000000000000000000000000000000000000000000000013413434034353434341341343534403413434343413441341341343534341341434343343403435135130353413435353534134135341341353434344132
300000000000000000000000000000000000000000000000000000000000000000000000000000003413434034353434341341343534403413434343413441341341343534341341434343343403435135130353413435353534134135341341353434344132
3000000000000000000000000000000000000000000000000000000000000000000000000000000013432
3000000000000000000000000000000000000000000000000000000000000000000000000000000003432
300000000000000000000000000000000000000000000000000000000000000000000000000000000134341343413434341341343534403413434343413441341341343534341341434343343403435135130353413435353534134135341341353434344132
300000000000000000000000000000000000000000000000000000000000000000000000000000000034341343413434341341343534403413434343413441341341343534341341434343343403435135130353413435353534134135341341353434344132
300000000000000000000000000000000000000000000000000000000000000000000000000000000013434034353434341341343534403413434343413441341341343534341341434343343403435135130353413435353534134135341341353434344132
300000000000000000000000000000000000000000000000000000000000000000000000000000000003434034353434341341343534403413434343413441341341343534341341434343343403435135130353413435353534134135341341353434344132
300000000000000000000000000000000000000000000000000000000000000000000000000000000001341343413434341341343534403413434343413441341341343534341341434343343403435135130353413435353534134135341341353434344132
300000000000000000000000000000000000000000000000000000000000000000000000000000000000341343413434341341343534403413434343413441341341343534341341434343343403435135133413413435353534134135341341353434344132
300000000000000000000000000000000000000000000000000000000000000000000000000000000000134034353434341341343534403413434343413441341341343534341341434343343403435135133413413435353534134135341341353434344132
300000000000000000000000000000000000000000000000000000000000000000000000000000000000034034353434341341343534403413434343413441341341343534341341434343343403435135133413413435353534134135341341353434344132
300000000000000000000000000000000000000000000000000000000000000000000000000000000000013434353434341341343534403413434343413441341341343534341341434343343403435135133413413435353534134135341341353434344132
300000000000000000000000000000000000000000000000000000000000000000000000000000000000003434353434341341343534403413434343413441341341343534341341434343343403435135133413413435353534134135341341353434344132
300000000000000000000000000000000000000000000000000000000000000000000000000000000000001343413434341341343534403413434343413441341341343534341341434343343403435135133413413435353534134135341341353434344132
300000000000000000000000000000000000000000000000000000000000000000000000000000000000000343413434341341343534403413434343413441341341343534341341434343343403435135133413413435353534134135341341353434344132
300000000000000000000000000000000000000000000000000000000000000000000000000000000000000134353434341341343534403413434343413441341341343534341341434343343403435135133413413435353534134135341341353434344132
300000000000000000000000000000000000000000000000000000000000000000000000000000000000000034353434341341343534403413434343413441341341343534341341434343343403435135133413413435353534134135341341353434344132
300000000000000000000000000000000000000000000000000000000000000000000000000000000000000013413434341341343534403413434343413441341341343534341341434343343403435135133413413435353534134135341341353434344132
300000000000000000000000000000000000000000000000000000000000000000000000000000000000000003413434341341343534403413434343413441341341343534341341434343343403435135133413413435353534134135341341353434344132
300000000000000000000000000000000000000000000000000000000000000000000000000000000000000001353434341341343534403413434343413441341341343534341341434343343403435135133413413435353534134135341341353434344132
300000000000000000000000000000000000000000000000000000000000000000000000000000000000000000353434341341343534403413434343413441341341343534341341434343343403435135133413413435353534134135341341353434344132
300000000000000000000000000000000000000000000000000000000000000000000000000000000000000000134134341341343534403413434343413441341341343534341341434343343403435135133413413435353534134135341341353434344132
300000000000000000000000000000000000000000000000000000000000000000000000000000000000000000034134341341343534403413434343413441341341343534341341434343343403435135133413413435353534134135341341353434344132
300000000000000000000000000000000000000000000000000000000000000000000000000000000000000000013434341341343534403413434343413441341341343534341341434343343403435135133413413435353534134135341341353434344132
300000000000000000000000000000000000000000000000000000000000000000000000000000000000000000003434341341343534403413434343413441341341343534341341434343343403435135133413413435353534134135341341353434344132
300000000000000000000000000000000000000000000000000000000000000000000000000000000000000000001341341341343534413413434343413441341341343534341341434343343403435135133413413435353534134135341341353434344132
300000000000000000000000000000000000000000000000000000000000000000000000000000000000000000000341341341343534413413434343413441341341343534341341434343343403435135133413413435353534134135341341353434344132
300000000000000000000000000000000000000000000000000000000000000000000000000000000000000000000134341341343534413413434343413441341341343534341341434343343403435135133413413435353534134135341341353434344132
300000000000000000000000000000000000000000000000000000000000000000000000000000000000000000000034341341343534413413434343413441341341343534341341434343343403435135133413413435353534134135341341353434344132
300000000000000000000000000000000000000000000000000000000000000000000000000000000000000000000013413413434034413413413413413441341341343534341341434343343403435135133413413435353534134135341341353434344132
300000000000000000000000000000000000000000000000000000000000000000000000000000000000000000000003413413434034413413413413413441341341343534341341434343343403435135133413413435353534134135341341353434344132
300000000000000000000000000000000000000000000000000000000000000000000000000000000000000000000001341341343534413413434343413441341341343534341341434343343403435135133413413435353534134135341341353434344132
300000000000000000000000000000000000000000000000000000000000000000000000000000000000000000000000341341343534413413434343413441341341343534341341434343343403435135133413413435353534134135341341353434344132
300000000000000000000000000000000000000000000000000000000000000000000000000000000000000000000000135341343534403413413413413441341341343534341341434343343403435135133413413435353534134135341341353434344132
300000000000000000000000000000000000000000000000000000000000000000000000000000000000000000000000035341343534403413413413413441341341343534341341434343343403435135133413413435353534134135341341353434344132
300000000000000000000000000000000000000000000000000000000000000000000000000000000000000000000000013413434341413413414343413441341341343534341341434343343403435135133413413435353534134135341341353434344132
300000000000000000000000000000000000000000000000000000000000000000000000000000000000000000000000003413434341413413414343413441341341343534341341434343343403435135133413413435353534134135341341353434344132
300000000000000000000000000000000000000000000000000000000000000000000000000000000000000000000000001341343534413413434343413441341341343534341341434343343403435135133413413435353534134135341341353434344132
300000000000000000000000000000000000000000000000000000000000000000000000000000000000000000000000000341343534413413434343413441341341343534341341434343343403435135133413413435353534134135341341353434344132
300000000000000000000000000000000000000000000000000000000000000000000000000000000000000000000000000134343534413413434343413441341341343534341341434343343403435135133413413435353534134135341341353434344132
300000000000000000000000000000000000000000000000000000000000000000000000000000000000000000000000000034343534413413434343413441341341343534341341434343343403435135133413413435353534134135341341353434344132
300000000000000000000000000000000000000000000000000000000000000000000000000000000000000000000000000013434341413413434343413441341341343534341341434343343403435135133413413435353534134135341341353434344132
300000000000000000000000000000000000000000000000000000000000000000000000000000000000000000000000000003434341413413434343413441341341343534341341434343343403435135133413413435353534134135341341353434344132
300000000000000000000000000000000000000000000000000000000000000000000000000000000000000000000000000001343534413413434343413441341341343534341341434343343403435135133413413435353534134135341341353434344132
300000000000000000000000000000000000000000000000000000000000000000000000000000000000000000000000000000343534413413434343413441341341343534341341434343343403435135133413413435353534134135341341353434344132
300000000000000000000000000000000000000000000000000000000000000000000000000000000000000000000000000000134341413413434343413441341341343534341341434343343403435135133413413435353534134135341341353434344132
300000000000000000000000000000000000000000000000000000000000000000000000000000000000000000000000000000034341413413414343413441341341343534341341434343343403434135133413413435353534134135341341353434344132
300000000000000000000000000000000000000000000000000000000000000000000000000000000000000000000000000000013534413413434343413441341341343534341341434343343403435135133413413435353534134135341341353434344132
300000000000000000000000000000000000000000000000000000000000000000000000000000000000000000000000000000003534413413434343413441341341343534341341434343343403435135133413413435353534134135341341353434344132
300000000000000000000000000000000000000000000000000000000000000000000000000000000000000000000000000000001341413413414343413441341341343534341341434343343403435135133413413435353534134135341341353434344132
300000000000000000000000000000000000000000000000000000000000000000000000000000000000000000000000000000000341413413414343413441341341343534341341434343343403434135133413413435353534134135341341353434344132
300000000000000000000000000000000000000000000000000000000000000000000000000000000000000000000000000000000134413413414343413441341341343534341341434343343403435135133413413435353534134135341341353434344132
300000000000000000000000000000000000000000000000000000000000000000000000000000000000000000000000000000000034413413434343413441341341343534341341434343343403435135133413413435353534134135341341353434344132
300000000000000000000000000000000000000000000000000000000000000000000000000000000000000000000000000000000013413413414343413441341341343534341341434343343403435135133413413435353534134135341341353434344132
300000000000000000000000000000000000000000000000000000000000000000000000000000000000000000000000000000000003413413413413413441341341343534341341434343343403435135133413413435353534134135341341353434344132
300000000000000000000000000000000000000000000000000000000000000000000000000000000000000000000000000000000001413413414343413441341341343534341341434343343403435135133413413435353534134135341341353434344132
300000000000000000000000000000000000000000000000000000000000000000000000000000000000000000000000000000000000341341341343413441341341343534341341434343343403434135133413413435353534134135341341353434344132
300000000000000000000000000000000000000000000000000000000000000000000000000000000000000000000000000000000000134341341343413441341341343534341341434343343403434135133413413435353534134135341341353434344132
300000000000000000000000000000000000000000000000000000000000000000000000000000000000000000000000000000000000034341341343413441341341343534341341434343343403434135133413413435353534134135341341353434344132
300000000000000000000000000000000000000000000000000000000000000000000000000000000000000000000000000000000000013413413413413441341341343534341341434343343403435135133413413435353534134135341341353434344132
300000000000000000000000000000000000000000000000000000000000000000000000000000000000000000000000000000000000003413413413413441341341343534341341434343343403435135133413413435353534134135341341353434344132
300000000000000000000000000000000000000000000000000000000000000000000000000000000000000000000000000000000000001341341343413441341341343534341341434343343403434135133413413435353534134135341341353434344132
300000000000000000000000000000000000000000000000000000000000000000000000000000000000000000000000000000000000000341341343413441341341343534341341434343343403434135133413413435353534134135341341353434344132
300000000000000000000000000000000000000000000000000000000000000000000000000000000000000000000000000000000000000141341343413441341341343534341341434343343403434135133413413435353534134135341341353434344132
300000000000000000000000000000000000000000000000000000000000000000000000000000000000000000000000000000000000000034341343413441341341343534341341434343343403434135133413413435353534134135341341353434344132
300000000000000000000000000000000000000000000000000000000000000000000000000000000000000000000000000000000000000013413413413441341341343534341341434343343403434135133413413435353534134135341341353434344132
300000000000000000000000000000000000000000000000000000000000000000000000000000000000000000000000000000000000000003413413413441341341343534341341434343343403434135133413413435353534134135341341353434344132
300000000000000000000000000000000000000000000000000000000000000000000000000000000000000000000000000000000000000001341343413441341341343534341341434343343403434135133413413435353534134135341341353434344132
300000000000000000000000000000000000000000000000000000000000000000000000000000000000000000000000000000000000000000341343413441341341343534341341434343343403434135133413413435334134134135341341353434344132
300000000000000000000000000000000000000000000000000000000000000000000000000000000000000000000000000000000000000000134343413441341341343534341341434343343403434135133413413435353534134134134341353434344132
30000000000000000000000000000000000000000000000000000000000000000000000000000000000000000000000000000000000000000003434341344134134134353434134143434334343432
300000000000000000000000000000000000000000000000000000000000000000000000000000000000000000000000000000000000000000013413413441341341343534341341434343343403434135133413413435353534134134134341353413434132
300000000000000000000000000000000000000000000000000000000000000000000000000000000000000000000000000000000000000000003413413441341341343534341341434343343403434135133413413435334134134134134341353413434132
300000000000000000000000000000000000000000000000000000000000000000000000000000000000000000000000000000000000000000001343413441341341343534341341434343343403434135133413413435353534134134134341353413434132
30000000000000000000000000000000000000000000000000000000000000000000000000000000000000000000000000000000000000000000034341344134134134353434134143434334343432
30000000000000000000000000000000000000000000000000000000000000000000000000000000000000000000000000000000000000000000013413134134134134353434134143434334343432
30000000000000000000000000000000000000000000000000000000000000000000000000000000000000000000000000000000000000000000001341344134134134353434134143434334343432
30000000000000000000000000000000000000000000000000000000000000000000000000000000000000000000000000000000000000000000001341344134134134353434134143434334343432
30000000000000000000000000000000000000000000000000000000000000000000000000000000000000000000000000000000000000000000000341344134134134353434134143434334343432
30000000000000000000000000000000000000000000000000000000000000000000000000000000000000000000000000000000000000000000000134134134134134353434134143434334343432
30000000000000000000000000000000000000000000000000000000000000000000000000000000000000000000000000000000000000000000000034134134134134353434134143434334343432
30000000000000000000000000000000000000000000000000000000000000000000000000000000000000000000000000000000000000000000000013134134134134353434134143434334343432
30000000000000000000000000000000000000000000000000000000000000000000000000000000000000000000000000000000000000000000000001343353434134353434134143434334343432
30000000000000000000000000000000000000000000000000000000000000000000000000000000000000000000000000000000000000000000000001343353434134353434134143434334343432
30000000000000000000000000000000000000000000000000000000000000000000000000000000000000000000000000000000000000000000000000343353434134353434134143434334343432
30000000000000000000000000000000000000000000000000000000000000000000000000000000000000000000000000000000000000000000000000134134134134353434134143434334343432
30000000000000000000000000000000000000000000000000000000000000000000000000000000000000000000000000000000000000000000000000034134134134353434134143434334343432
30000000000000000000000000000000000000000000000000000000000000000000000000000000000000000000000000000000000000000000000000013353434134353434134143434334343432
30000000000000000000000000000000000000000000000000000000000000000000000000000000000000000000000000000000000000000000000000003353434134353434134143434334343432
30000000000000000000000000000000000000000000000000000000000000000000000000000000000000000000000000000000000000000000000000001353434134353434134143434334343432
30000000000000000000000000000000000000000000000000000000000000000000000000000000000000000000000000000000000000000000000000000353434134353434134143434334343432
30000000000000000000000000000000000000000000000000000000000000000000000000000000000000000000000000000000000000000000000000000134134134353434134143434334343432
30000000000000000000000000000000000000000000000000000000000000000000000000000000000000000000000000000000000000000000000000000034134134353434134143434334343432
30000000000000000000000000000000000000000000000000000000000000000000000000000000000000000000000000000000000000000000000000000013434134353434134143434334343432
30000000000000000000000000000000000000000000000000000000000000000000000000000000000000000000000000000000000000000000000000000003434134353434134143434334343432
30000000000000000000000000000000000000000000000000000000000000000000000000000000000000000000000000000000000000000000000000000001434134353434134143434334343432
30000000000000000000000000000000000000000000000000000000000000000000000000000000000000000000000000000000000000000000000000000000341343403434134143434334343432
30000000000000000000000000000000000000000000000000000000000000000000000000000000000000000000000000000000000000000000000000000000134134353434134143434334343432
