3000000041010405054041510410042
3010000043410405054041510410042
3000000041010405054041510410042
3001000043410405054041510410042
3000000041010405054041510410042
300010004341040505404151041004343431042
3000000041010405054041510410042
3000010043410405054041510410042
3000000041010405054041510410042
3000001043410405054041510410042
3000000041010405054041510410042
3000000105410405054041510410042
3000000041010405054041510410042
3000000015410405054042
3000000005410405054041510410042
3000000001010405054041510410042
3000000000010405050041510410042
30000000001042
3000000000010405050041510410042
3000000000010405050041510410042
30000000000042
3000000000001005050010510010042
3000000000000405050010510010042
3000000000000105050010510010042
3000000000000005050010510010042
3000000000000015050010510010042
3000000000000005050010510010042
3000000000000001050041510410042
3000000000000000050010510010042
3000000000000000150041510410042
3000000000000000050010510010042
3000000000000000010041510010042
3000000000000000000041510010042
3000000000000000001041510010042
3000000000000000000041510010042
3000000000000000000101510010042
3000000000000000000041510010042
3000000000000000000010510010042
3000000000000000000001510010042
3000000000000000000001510010042
3000000000000000000000510010042
300000000000000000000010001510004101042
3000000000000000000000000010042
3000000000000000000000010010042
3000000000000000000000000010042
3000000000000000000000001010042
3000000000000000000000000010042
300000000000000000000000010410004101042
3000000000000000000000000010042
3000000000000000000000000010042
300000000000000000000000000410004101042
300000000000000000000000000104104101042
300000000000000000000000000004104101042
300000000000000000000000000010004101042
300000000000000000000000000004104101042
300000000000000000000000000001004101042
300000000000000000000000000000004101042
300000000000000000000000000000104101042
300000000000000000000000000000004101042
300000000000000000000000000000015451042
300000000000000000000000000000004101042
300000000000000000000000000000001001042
300000000000000000000000000000000451042
300000000000000000000000000000000101042
300000000000000000000000000000000001042
300000000000000000000000000000000010042
300000000000000000000000000000000001042
300000000000000000000000000000000001042
300000000000000000000000000000000000042
300000000000000000000000000000000000101043434515051343515100051515150000010000000010001000043100000001004343510000000051000100015005512
300000000000000000000000000000000000042
300000000000000000000000000000000000010043434515051343515100051515150000010000000010001000043100000001004343510000000051000100015005512
300000000000000000000000000000000000001043434515051343515100051515150000010000000010001000043100000001004343510000000051000100015005512
300000000000000000000000000000000000001043434515051343515100051515150000010000000010001000043100000001004343510000000051000100015005512
30000000000000000000000000000000000000000015451512
30000000000000000000000000000000000000015015451512
30000000000000000000000000000000000000000015451512
30000000000000000000000000000000000000001015451512
30000000000000000000000000000000000000000015451512
300000000000000000000000000000000000000001543515051343515100051515150000010005100010001000043100000001004343510000000051000100015005512
30000000000000000000000000000000000000000015451512
30000000000000000000000000000000000000000015451512
300000000000000000000000000000000000000000043515051043515100051515150000010005100010001000043100000001004343510005100051000100015005512
300000000000000000000000000000000000000000010001051543515100051515150000010000000010001000043100000001004343510005000051000100015005512
300000000000000000000000000000000000000000000001051543515100051515150000010000000010001000043100000001004343510005000051000100015005512
300000000000000000000000000000000000000000001001051543515100051515150000010000000010001000043100000001004343510000000051000100015005512
300000000000000000000000000000000000000000000001051543515100051515150000010000000010001000043100000001004343510005000051000100015005512
300000000000000000000000000000000000000000000101051543515100051515150000010000000010001000043100000001004343510005000051000100015005512
300000000000000000000000000000000000000000000001051543515100051515150000010000000010001000043100000001004343510005000051000100015005512
300000000000000000000000000000000000000000000015051043515100051515150000010000000010001000043100000001004343510000000051000100015005512
300000000000000000000000000000000000000000000001051543515100051515150000010000000010001000043100000001004343510005000051000100015005512
300000000000000000000000000000000000000000000001051543515100051515150000010000000010001000043100000001004343510005000051000100015005512
300000000000000000000000000000000000000000000000051543515100051515150000010000000010001000043100000001004343510000000051000100015005512
30000000000000000000000000000000000000000000000012
300000000000000000000000000000000000000000000000051543515100051515150000010000000010001000043100000001004343510000000051000100015005512
300000000000000000000000000000000000000000000000015100055100051515150000010000000010001000043100000001004343510005100051000100015005512
300000000000000000000000000000000000000000000000005100055100051515150000010000000010001000043100000001004343510005100051000100015005512
300000000000000000000000000000000000000000000000001543515100051515150000010000000010001000043100000001004343510000000051000100015005512
300000000000000000000000000000000000000000000000000451055100510515150000010000000010001000043100000001004343510005100051000100015005512
300000000000000000000000000000000000000000000000000100055100051515150000010000000010001000043100000001004343510005000051000100015005512
300000000000000000000000000000000000000000000000000043515100051515150000010000005010001000043100000001004343510005000051000100015005512
300000000000000000000000000000000000000000000000000010055100510515150000010000000010001000043100000001004343510005000051000100015005512
300000000000000000000000000000000000000000000000000000055100510515150000010000000010001000043100000001004343510005000051000100015005512
300000000000000000000000000000000000000000000000000001055100510515150000010000000010001000043100000001004343510005000051000100015005512
300000000000000000000000000000000000000000000000000000055100510515150000010000000010001000043100000001004343510005000051000100015005512
300000000000000000000000000000000000000000000000000000155100051515150000010000000010001000043100000001004343510005000051000100015005512
300000000000000000000000000000000000000000000000000000055100510515150000010000000010001000043100000001004343510005000051000100015005512
300000000000000000000000000000000000000000000000000000015100051515150000010000005010001000043100000001004343510005000051000100015005512
300000000000000000000000000000000000000000000000000000005100510515150000010000000010001000043100000001004343510000000051000100015005512
300000000000000000000000000000000000000000000000000000001000051515150000010000000010001000043100000001004343510000000051000100015005512
300000000000000000000000000000000000000000000000000000000000051515150000010000000010001000043100000001004343510000000051000100015005512
300000000000000000000000000000000000000000000000000000000100051515150000010000000010001000043100000001004343510000000051000100015005512
300000000000000000000000000000000000000000000000000000000000051515150000010000000010001000043100000001004343510000000051000100015005512
300000000000000000000000000000000000000000000000000000000010051515150000010000000010001000043100000001004343510000000051000100015005512
300000000000000000000000000000000000000000000000000000000000051515150000010000000010001000043100000001004343510000000051000100015005512
300000000000000000000000000000000000000000000000000000000001051515150000010000000010001000043100000001004343510000000051000100015005512
300000000000000000000000000000000000000000000000000000000000051515150000010000000010001000043100000001004343510000000051000100015005512
300000000000000000000000000000000000000000000000000000000000151515150000010000000010001000043100000001004343510000000051000100015005512
300000000000000000000000000000000000000000000000000000000000051515150000010000000010001000043100000001004343510000000051000100015005512
300000000000000000000000000000000000000000000000000000000000010515150000010000000010001000043100000001004343510000000051000100015005512
300000000000000000000000000000000000000000000000000000000000000515150000010000000010001000043100000001004343510000000051000100015005512
300000000000000000000000000000000000000000000000000000000000001515150000010000000010001000043100000001004343510000000051000100015005512
300000000000000000000000000000000000000000000000000000000000000515150000010000000010001000043100000001004343510000000051000100015005512
300000000000000000000000000000000000000000000000000000000000000105150000010000000010001000043100000001004343510000000051000100015005512
300000000000000000000000000000000000000000000000000000000000000015150000010000000010001000043100000001004100000000000051000100015005512
300000000000000000000000000000000000000000000000000000000000000015150000010000000010001000043100000001004100000000000051000100015005512
300000000000000000000000000000000000000000000000000000000000000005150000010000000010001000043100000001004100000000000051000100015005512
300000000000000000000000000000000000000000000000000000000000000001040000010000000010001000043100000001004100000000000051000100015005512
300000000000000000000000000000000000000000000000000000000000000000040000010000000010001000043100000001004100100000000051000100015005512
300000000000000000000000000000000000000000000000000000000000000000150000010000000010001000043100000001004100000000000051000100015005512
300000000000000000000000000000000000000000000000000000000000000000040000010000000010001000043100000001004100100000000051000100015005512
300000000000000000000000000000000000000000000000000000000000000000010000010000000010001000043100000001004100000000000051000100015005512
300000000000000000000000000000000000000000000000000000000000000000000000010000000010001000043100000001004100100000000051000100015005512
300000000000000000000000000000000000000000000000000000000000000000001000010000000010001000043100000001004100000000000051000100015005515545154343542
300000000000000000000000000000000000000000000000000000000000000000000000010000000010001000043100000001004100100000000051000100015005512
300000000000000000000000000000000000000000000000000000000000000000000100010000000010001000043100000001004100100000000051000100015005512
300000000000000000000000000000000000000000000000000000000000000000000000010000000010001000043100000001004100100000000051000100015005512
300000000000000000000000000000000000000000000000000000000000000000000010010000000010001000043100000001004100100000000051000100015005512
300000000000000000000000000000000000000000000000000000000000000000000000010000000010001000043100000001004100100000000051000100015005512
300000000000000000000000000000000000000000000000000000000000000000000001010000000010001000043100000001004100100000000051000100015005512
300000000000000000000000000000000000000000000000000000000000000000000000010000000010001000043100000001004100100000000051000100015005512
300000000000000000000000000000000000000000000000000000000000000000000000100000000010001000043100000001004100000000000051000100015005512
300000000000000000000000000000000000000000000000000000000000000000000000010000000010001000043100000001004100100000000051000100015005512
300000000000000000000000000000000000000000000000000000000000000000000000010000000010001000043100000001004100100000000051000100015005512
300000000000000000000000000000000000000000000000000000000000000000000000000000000010001000043100000001004100100000000051054100015005512
300000000000000000000000000000000000000000000000000000000000000000000000001000000010001000043100000001004100100000000051054100015005512
300000000000000000000000000000000000000000000000000000000000000000000000000000000010001000043100000001004100100000000051054100015005512
300000000000000000000000000000000000000000000000000000000000000000000000000100000010001000043100000001004100100000000051000100015005512
300000000000000000000000000000000000000000000000000000000000000000000000000000000010001000043100000001004100100000000051054100015005512
300000000000000000000000000000000000000000000000000000000000000000000000000010000010001000043100000001004100100000000051000100015005512
300000000000000000000000000000000000000000000000000000000000000000000000000000000010001000043100000001004100100000000051054100015005512
300000000000000000000000000000000000000000000000000000000000000000000000000001000010001000043100000001004100100000000051000100015005512
300000000000000000000000000000000000000000000000000000000000000000000000000000000010001000043100000001004100100000000051054100015005512
300000000000000000000000000000000000000000000000000000000000000000000000000000100010001000043100000001004100100000000051000100015005512
300000000000000000000000000000000000000000000000000000000000000000000000000000000010001000043100000001004100100000000051054100015005512
300000000000000000000000000000000000000000000000000000000000000000000000000000010010001000043100000001004100100000000051000100015005512
300000000000000000000000000000000000000000000000000000000000000000000000000000000010001000043100000001004100100000000051054100015005512
300000000000000000000000000000000000000000000000000000000000000000000000000000001010001000043100000001004100100000000051054100015005512
300000000000000000000000000000000000000000000000000000000000000000000000000000000010001000043100000001004100100000000051054100015005512
300000000000000000000000000000000000000000000000000000000000000000000000000000000101001000043100000001004100100000000051054100015005512
300000000000000000000000000000000000000000000000000000000000000000000000000000000010001000043100000001004100100000000051054100015005512
300000000000000000000000000000000000000000000000000000000000000000000000000000000010001000043100000001004100100000000051054100015005512
300000000000000000000000000000000000000000000000000000000000000000000000000000000001001000043100000001004100100000000051054100015005512
300000000000000000000000000000000000000000000000000000000000000000000000000000000001001000043100000001004100100000000051054100015005512
300000000000000000000000000000000000000000000000000000000000000000000000000000000000001000043100000001004100100000000051054100015005512
300000000000000000000000000000000000000000000000000000000000000000000000000000000000101000043100000001004100100000000051054100015005512
300000000000000000000000000000000000000000000000000000000000000000000000000000000000001000043100000001004100100000000051054100015005512
300000000000000000000000000000000000000000000000000000000000000000000000000000000000010100043100000001004100100000000051054100015005512
300000000000000000000000000000000000000000000000000000000000000000000000000000000000001000043100000001004100100000000051054100015005512
300000000000000000000000000000000000000000000000000000000000000000000000000000000000001000043100000001004100100000000051054100015005512
300000000000000000000000000000000000000000000000000000000000000000000000000000000000000100043100000001004100100000000051054100015005512
300000000000000000000000000000000000000000000000000000000000000000000000000000000000000100043100000001004100100000000051054100015005512
300000000000000000000000000000000000000000000000000000000000000000000000000000000000000000043100000001004100100000000051054100015005512
300000000000000000000000000000000000000000000000000000000000000000000000000000000000000010043100000001004100100000000051054100015005512
300000000000000000000000000000000000000000000000000000000000000000000000000000000000000000043100000001004100100000000051054100015005512
300000000000000000000000000000000000000000000000000000000000000000000000000000000000000001043100000001004100100000000051054100015005512
300000000000000000000000000000000000000000000000000000000000000000000000000000000000000000043100000001004100100000000051054100015005512
300000000000000000000000000000000000000000000000000000000000000000000000000000000000000000150100000001004100100000000051054100015005512
300000000000000000000000000000000000000000000000000000000000000000000000000000000000000000043100000001004100100000000051054100015005512
300000000000000000000000000000000000000000000000000000000000000000000000000000000000000000010100000001004100100000000051054100015005512
300000000000000000000000000000000000000000000000000000000000000000000000000000000000000000000100000001004100100000000051054100015005512
300000000000000000000000000000000000000000000000000000000000000000000000000000000000000000001510000001004100100000000051054100015005512
300000000000000000000000000000000000000000000000000000000000000000000000000000000000000000000100000001004100100000000051054100015005512
300000000000000000000000000000000000000000000000000000000000000000000000000000000000000000000100000001004100100000000051054100015005512
300000000000000000000000000000000000000000000000000000000000000000000000000000000000000000000000000001004100100000000051054100015005515545154343542
300000000000000000000000000000000000000000000000000000000000000000000000000000000000000000000010000001004100100000000051054100015005512
300000000000000000000000000000000000000000000000000000000000000000000000000000000000000000000000000001004100100000000051054100015005515545154343542
300000000000000000000000000000000000000000000000000000000000000000000000000000000000000000000001000001004100100000000051054100015005512
300000000000000000000000000000000000000000000000000000000000000000000000000000000000000000000000000001004100100000000051054100015005515545154343542
300000000000000000000000000000000000000000000000000000000000000000000000000000000000000000000000100001004100100000000051054100015005515545154343542
300000000000000000000000000000000000000000000000000000000000000000000000000000000000000000000000000001004100100000000051054100015005515545154343542
300000000000000000000000000000000000000000000000000000000000000000000000000000000000000000000000010001004100100000000051000100015005515545154343542
300000000000000000000000000000000000000000000000000000000000000000000000000000000000000000000000000001004100100000000051054100015005515545154343542
300000000000000000000000000000000000000000000000000000000000000000000000000000000000000000000000001001004100100000000051054100015005512
300000000000000000000000000000000000000000000000000000000000000000000000000000000000000000000000000001004100100000000051054100015005515545154343542
300000000000000000000000000000000000000000000000000000000000000000000000000000000000000000000000000101004100100000000051054100015005512
300000000000000000000000000000000000000000000000000000000000000000000000000000000000000000000000000001004100100000000051054100015005515545154343542
300000000000000000000000000000000000000000000000000000000000000000000000000000000000000000000000000010504100100000000010054100015005515545154343542
300000000000000000000000000000000000000000000000000000000000000000000000000000000000000000000000000001004100100000000051054100015005515545154343542
300000000000000000000000000000000000000000000000000000000000000000000000000000000000000000000000000001004100100000000051054100015005515545154343542
300000000000000000000000000000000000000000000000000000000000000000000000000000000000000000000000000000504100100000000010054100015005515545154343542
300000000000000000000000000000000000000000000000000000000000000000000000000000000000000000000000000000104100100000000051054100015005515545154343542
300000000000000000000000000000000000000000000000000000000000000000000000000000000000000000000000000000004100100000000010054100015005515545154343542
300000000000000000000000000000000000000000000000000000000000000000000000000000000000000000000000000000010100100000000051054100015005515545154343542
300000000000000000000000000000000000000000000000000000000000000000000000000000000000000000000000000000004100100000000010054100015005515545154343542
300000000000000000000000000000000000000000000000000000000000000000000000000000000000000000000000000000001043510000000010054100015005515545154343542
300000000000000000000000000000000000000000000000000000000000000000000000000000000000000000000000000000000100100000000010054100015005515545154343542
300000000000000000000000000000000000000000000000000000000000000000000000000000000000000000000000000000000100100000000010054100015005515545154343542
300000000000000000000000000000000000000000000000000000000000000000000000000000000000000000000000000000000043510000000010054100015005515545154343542
300000000000000000000000000000000000000000000000000000000000000000000000000000000000000000000000000000000010100000000051054100015005515545154343542
300000000000000000000000000000000000000000000000000000000000000000000000000000000000000000000000000000000000100000000010054100015005515545154343542
300000000000000000000000000000000000000000000000000000000000000000000000000000000000000000000000000000000001000000000010054100015005515545154343542
300000000000000000000000000000000000000000000000000000000000000000000000000000000000000000000000000000000000100000000010054100015005515545154343542
300000000000000000000000000000000000000000000000000000000000000000000000000000000000000000000000000000000000100000000010054100015005515545154343542
300000000000000000000000000000000000000000000000000000000000000000000000000000000000000000000000000000000000000000000010054100015005515545154343542
300000000000000000000000000000000000000000000000000000000000000000000000000000000000000000000000000000000000010000000010054100015005515545154343542
300000000000000000000000000000000000000000000000000000000000000000000000000000000000000000000000000000000000000000000010054100015005515545154343542
300000000000000000000000000000000000000000000000000000000000000000000000000000000000000000000000000000000000001000000010054100015005515545154343542
300000000000000000000000000000000000000000000000000000000000000000000000000000000000000000000000000000000000000000000010054100015005515545154343542
300000000000000000000000000000000000000000000000000000000000000000000000000000000000000000000000000000000000000100000010054100015005515545154343542
300000000000000000000000000000000000000000000000000000000000000000000000000000000000000000000000000000000000000000000010054100015005515545154343542
300000000000000000000000000000000000000000000000000000000000000000000000000000000000000000000000000000000000000010000010054100015005515545154343542
300000000000000000000000000000000000000000000000000000000000000000000000000000000000000000000000000000000000000000000010054100015005515545154343542
300000000000000000000000000000000000000000000000000000000000000000000000000000000000000000000000000000000000000001000010054100015005515545154343542
300000000000000000000000000000000000000000000000000000000000000000000000000000000000000000000000000000000000000000000010054100015005515545154343542
300000000000000000000000000000000000000000000000000000000000000000000000000000000000000000000000000000000000000000100010054100015005515545154343542
300000000000000000000000000000000000000000000000000000000000000000000000000000000000000000000000000000000000000000000010054100015005515545154343542
300000000000000000000000000000000000000000000000000000000000000000000000000000000000000000000000000000000000000000010010054100015005515545154343542
300000000000000000000000000000000000000000000000000000000000000000000000000000000000000000000000000000000000000000000010054100015005515545154343542
300000000000000000000000000000000000000000000000000000000000000000000000000000000000000000000000000000000000000000001010054100015005515545154343542
300000000000000000000000000000000000000000000000000000000000000000000000000000000000000000000000000000000000000000000010054100015005515545154343542
300000000000000000000000000000000000000000000000000000000000000000000000000000000000000000000000000000000000000000000151054100015005515545154343542
300000000000000000000000000000000000000000000000000000000000000000000000000000000000000000000000000000000000000000000010054100015005515545154343542
300000000000000000000000000000000000000000000000000000000000000000000000000000000000000000000000000000000000000000000010054100015005515545154343542
300000000000000000000000000000000000000000000000000000000000000000000000000000000000000000000000000000000000000000000001054100015005515545154343542
300000000000000000000000000000000000000000000000000000000000000000000000000000000000000000000000000000000000000000000001054100015005515545154343542
300000000000000000000000000000000000000000000000000000000000000000000000000000000000000000000000000000000000000000000000054100015005515545154343542
300000000000000000000000000000000000000000000000000000000000000000000000000000000000000000000000000000000000000000000000154100015005515545154343542
300000000000000000000000000000000000000000000000000000000000000000000000000000000000000000000000000000000000000000000000054100015005515545154343542
300000000000000000000000000000000000000000000000000000000000000000000000000000000000000000000000000000000000000000000000010100015005515545154343542
300000000000000000000000000000000000000000000000000000000000000000000000000000000000000000000000000000000000000000000000000100015005515545154343542
300000000000000000000000000000000000000000000000000000000000000000000000000000000000000000000000000000000000000000000000001000015005515545154343542
300000000000000000000000000000000000000000000000000000000000000000000000000000000000000000000000000000000000000000000000000100015005515545154343542
300000000000000000000000000000000000000000000000000000000000000000000000000000000000000000000000000000000000000000000000000100015005515545154343542
300000000000000000000000000000000000000000000000000000000000000000000000000000000000000000000000000000000000000000000000000000015005515545154343542
300000000000000000000000000000000000000000000000000000000000000000000000000000000000000000000000000000000000000000000000000010015005515545154343542
300000000000000000000000000000000000000000000000000000000000000000000000000000000000000000000000000000000000000000000000000000015005515545154343542
300000000000000000000000000000000000000000000000000000000000000000000000000000000000000000000000000000000000000000000000000001015005515545154343542
300000000000000000000000000000000000000000000000000000000000000000000000000000000000000000000000000000000000000000000000000000015005515545154343542
300000000000000000000000000000000000000000000000000000000000000000000000000000000000000000000000000000000000000000000000000000101005515545154343542
300000000000000000000000000000000000000000000000000000000000000000000000000000000000000000000000000000000000000000000000000000015005515545154343542
300000000000000000000000000000000000000000000000000000000000000000000000000000000000000000000000000000000000000000000000000000015005515545154343542
300000000000000000000000000000000000000000000000000000000000000000000000000000000000000000000000000000000000000000000000000000001005515545154343542
300000000000000000000000000000000000000000000000000000000000000000000000000000000000000000000000000000000000000000000000000000001005515545154343542
