  T = 64
     Sigma    Overall Avg Uncertainty Fraction
  ---------------------------------------------
       1.0                            0.001660
       4.0                            0.008562
      20.0                            0.023401
      40.0                            0.025677
      60.0                            0.031154
     100.0                            0.031961
     140.0                            0.028757
     190.0                            0.029917
     240.0                            0.024939
