  T = 128
     Sigma    Overall Avg Uncertainty Fraction
  ---------------------------------------------
       1.0                            0.003699
       4.0                            0.011059
      20.0                            0.022672
      40.0                            0.025994
      60.0                            0.021429
     100.0                            0.023185
     140.0                            0.020596
     190.0                            0.020596
     240.0                            0.019391
