  T = 64
     Sigma    Overall Avg Uncertainty Fraction
  ---------------------------------------------
       1.0                            0.994108
       4.0                            0.990970
      20.0                            0.990192
      40.0                            0.990973
      60.0                            0.992537
     100.0                            0.990173
     140.0                            0.990945
     190.0                            0.990927
     240.0                            0.990913
