000000000000000000000000000000000000000000000000000000000000000000000000000000000000000000000000000000000000000000000000000000000000000000000000000000000000000000000000000000000000000000000000000005000000000000000000000000000000000000000000000000000000000000
000000000000000000000000000000000000000000000000000000000000000000000000000000000000000000000000000000000000000000000000000000000000000000000000000000000000000000000000000000000000000000000000000000000000000000000000000000000000000000000000000000000000000500
000000000000000000000000000000000000000000000000000000000000000000000000000000000000000000000000000000000000000000000000000000000000000000000000000000000000000000000000000000000000000000000000000000000000000005000000000000000500000000000000000000000000000000
000000000000000000000000000000000000000000000000000000000000000000000000000000000000000000000000000000000000000000000000000000000000000000000000000000000000000000000000000000000000000000000000000000000000000000000000000000000000000000000000000000000000000000
000000000000000000000000000000000000000000000000000000000000000000000000000000000000000000000000000000000000000000000000000000000000000000000000000000000000000000000000000000000000000000000000000000000000000000000000000000000000000000000000000000005000500550
000000000000000000000000000000000000000000000000000000000000000000000000000000000000000000000000000000000000000000000000000000000000000000000000000000000000000000000000000000000000000000000000000000000000000000000000000000000000000000000000000050000000500000
000000000000000000000000000000000000000000000000000000000000000000000000000000000000000000000000000000000000000000000000000000000000000000000000000000000000000000000000000000000000050000000000000000000000000000000000000000005005000000000000050500000505055050
000000000000000000000000000000000000000000000000000000000000000000000000000000000000000000000000000000000000000000000000000000000000000000000000000000000000000000000000000000000000000000005000000000000000000000500000050000000000000000000000500050050500505500
000000000000000000000000000000000000000000000000000000000000000000000000000000000000000000000000000000000000000000000000000000000000000000000000000000000000000000000000000000000000000000000000000000000000000005050000000000000500000000000000000000055050500000
000000000000000000000000000000000000000000000000000000000000000000000000000000000000000000000000000000000000000000000000000000000000000000000000000000000000000000000000000000000000000000000050000500000000500000000500000000050000005000050550055500000000500050
000000000000000000000000000000000000000000000000000000000000000000000000000000000000000000000000000000000000000000000000000000000000000000000000000000000000000000000000000000000000000050000000000000000000000000000000000005000000000000000500500505505000500050
000000000000000000000000000000000000000000000000000000000000000000000000000000000000000000000000000000000000000000000000000000000000000000000000000000000000000000000000000000000000000000000000000000050505000000000000000000000000000055500000000500000055000050
000000000000000000000000000000000000000000000000000000000000000000000000000000000000000000000000000000000000000000000000000000000000000000000000000000000000000000000000000000000000000000500000000000500500000000000000500005000500000005005000050505500055055505
000000000000000000000000000000000000000000000000000000000000000000000000000000000000000000000000000000000000000000000000000000000000000000000000000000000000000000000000000000000000000000500000050000000000000000005000505000050005050050000055000000050505055050
000000000000000000000000000000000000000000000000000000000000000000000000000000000000000000000000000000000000000000000000000000000000000000000000000000000000000000000000000000000000000500500000000505000005500500055005000555050050000000505055055005505005550055
000000000000000000000000000000000000000000000000000000000000000000000000000000000000000000000000000000000000000000000000000000000000000000000000000000000000000000000000000000000050000000005005000050000000000050500000505500500550000000000505555555050555550550
000000000000000000000000000000000000000000000000000000000000000000000000000000000000000000000000000000000000000000000000000000000000000000000000000000000000000000000000000000500000000000000000005005000000000050000055005550005000055055505000050550000555505505
000000000000000000000000000000000000000000000000000000000000000000000000000000000000000000000000000000000000000000000000000000050000000000000000000000000000000000000005000000050000000000005050055005500550005000055550000550555555055550050555500505505555005505
000000000000000000000000000000000000000000000000000000000000000000000000000000000000000000000000000000000000000000000000000000000000005000000000005000050000000000000000500000500000000000005500005000050055500500055500555055555055500555555555550555505550055550
000000000000000000000000000000000000000000000000000000000000000000000000000000000000000000000000000000000000000000000000000000000000000000005000000500000500000005000000005500000005000000005000050000550055050005555055505005500055005555555555055505555555055555
000000000000000000000000000000000000000000000000000000000000000000000000000000000000000000000000000000000000000000000000000005000000000050000000500000000050000000000550000000505005555505000005000050555500005500000055500555500055550055505555555555550555505555
000000000000000000000000000000000000000000000000000000000000000000000000000000000000000000000000000000000000000000000005000000000000000000000000000000000000050000055000505500050505055055050050500555505555000055055555555550555555555555555505555555550555555555
000000000000000000000000000000000000000000000000000000000000000000000000000000000000000000000000000000000000000000000000050000000050000500000000000005000000000050500050505000000005050550050000050005500055055555555505055005555555555555555550505555055555555555
000000000000000000000000000000000000000000000000000000000000000000000000000000000000000000000000000000000000000000000000000000000500500000000000500005005000500000000000005500000500505005555055505505005005005005555555555550005555555555505555555550555555555055
000000000000000000000000000000000000000000000000000000000000000000000000000000000000000000000000000000000000000000000000000005000000000000000000000005050055000000050000550055000505055005055500555050055555500505555555555505555555505555555555555055555555555555
000000000000000000000000000000000000000000000000000000000000000000000000000000000000000000005000000000000000000000000000050500000000005000500000005000005055000505005000500000505550555550550055555555555055555550505555555555555555555555555505555555555555555555
000000000000000000000000000000000000000000000000000000000000000000000000000050000000000500000000000000000000000000000000050005000000055000000000000050000550055050000000505055505555505055500550555555555555555550555555555555055555555555555555555555555555555555
000000000000000000000000000000000000000000000000000000000000000000000000000000000000000000000000000005000000005050000000000055505050550000050055550500505555555550555555005005555505500500555055555555000505555555505555555055555555555555555555550555555555555555
000000000000000000000000000000000000000000000000000000000000000000000000000000000000000500000000000000055000000000005000050550000050055505000500500555500505500555555055555550500550555550055555055055555555555555555555555555055550555555555555555555555555555555
000000000000000000000000000000000000000000000000000000000000000000000000000000000000000000000000000050055000505000000000050050505050055050500555550500055505555505000505505555550555555505555505555555555500555555555550555555555555555555555555555555555555555555
000000000000000000000000000000000000000000000000000000000000000000000000050000000500000000000000000000000005055550505050050000050005050555555500055550055500055550055505505555555555555555505555555005555555555555505505555555555555555555555555555555555555555555
000000000000000000000000000000000000000000000000005000000000000000000000005000000000000000000000005000000550500005000555055055055555550005005555555555500550555555550555555555055055555555555555555505555005555555555555555555555555555555555555555555555555555555
000000000000000000000000000000005000000000000000000000000000000000000000005000005000000000050000005000005050050000055500005555000505550005550550555550550055555505555555555505555555555555555555555550555550055555555555555555555555555555555555555555555555555555
000000000000000000000000000000000500000000500000000000000000000000000500000005000000000050050050055005500000005505050505550550550050055005005550550555055005500505555505555555550505555555555555555555555555555555555555555555555555555555555555555555555555555555
000000000000000000000000000000000505000000000000000000000000000500000000500000000000000000000000000505005005505050500555055500505550000555055055505550055055555055555555555555055555555055555555555555555555555555555555555555555555555555555555555555555555555555
000000000000005000000000000000000000000000000000500000000005000000500005000050050550005555500055550550555550555550050555555055555050555555550550555555505550550555555555555555555555555555555555505555555555555555555555555555555555555555555555555555555555555555
000000000000000000000000000000000000000000000000000055055055500000000000005000000000005055555000000505005055005505050555505555505505555005555555555055555555505555550555555555555555555555555555555555555555555555555555555555555555555555555555555555555555555555
000000000000000000000000000000050000005000000500000005005000550005050005000500050055050050005005505055005055050555055550550505555505555555555555555555555555555555555555555555555555555555555555555555555555555555555555555555555555555555555555555555555555555555
500000000000000000500000000000005500000000050000500050500050000000000500000005000500055555550000005055550555550550555050505055505555555555555555555055555555555555555555555555555555555555555555555555555555555555555555555555555555555555555555555555555555555555
000000000000000000000000000000000005000500050050050000500500505050000005000550055055055555555550555005055550555555555050555555555055505555555555555555555555555555555555555555555555555555555555555555555555555555555555555555555555555555555555555555555555555555
000000550000000000000000500055000005050000500000000505055505505050550550505005555055550555505555505500555555555505555555555550055555555555555555555555555555555555555555555555555555555555555555555555555555555555555555555555555555555555555555555555555555555555
000000000000000000000000005000005000005000050005505000050005555000555000055505555555055055555555555550555550555555505555055055555555555555555555555555555555555555555555555555555555555555555555555555555555555555555555555555555555555555555555555555555555555555
000000000000050000005000000050500000005005000055050050005500505555005555505550005505005055500555505555505555555555555555555555555555555555555555555555555555555555555555555555555555555555555555555555555555555555555555555555555555555555555555555555555555555555
000500000000000050050005000050050000005005005000505050005550550005550500055055550055555505055555555555555555555555555555555555555555055555555555555555555555555555555505555555555555555555555555555555555555555555555555555555555555555555555555555555555555555555
000000500500050000000000050000000555055050500000555555555550500055505550050555555555555555555555550555505505555555555555555555555555555555555555555555555555555555555555555555555555555555555555555555555555555555555555555555555555555555555555555555555555555555
000000005055000500005000500500550550505005555055505555005550500055500555505555055555555555550555555555555550555555555555555555555555555550555555555555555555555555555555555555555555555555555555555555555555555555555555555555555555555555555555555555555555555555
000000500000050500000055005050000055055005555505050555500555055555505550505555505555555555555555555555555555555555555555555555555555555555555555555555555555555555555555555555555555555555555555555555555555555555555555555555555555555555555555555555555555555555
000500000005505000500500050005050505505055555500505555550555550555555555555550555555555555555555500555555055555555555555555555555555555555555555555555555555555555555555555555555555555555555555555555555555555555555555555555555555555555555555555555555555555555
000050550550505000050500505055505555505555555055505505505555555505055500555055555550555055550555555555555555505555555555555555555555555555555555555555555555555555555555555555555555555555555555555555555555555555555555555555555555555555555555555555555555555555
005050550005505005550500055555555550550550055505555055555555505505505555555555055555555555555555555555555555555555555555555555555555555555555555555555555555555555555555555555555555555555555555555555555555555555555555555555555555555555555555555555555555555555
505000055055000055555055555055005555550005555055555555555550555505555555555555555555550555555555555555555555555555555555555555555555555555555555555555555555555555555555555555555555555555555555555555555555555555555555555555555555555555555555555555555555555555
500555555000555550055555550555555005055055505555555555555555555555555555555555555555555555555555555555555555555555555555555555555555555555555555555555555555555555555555555555555555555555555555555555555555555555555555555555555555555555555555555555555555555555
055005555550505550555550000050550555055555005555555555555555555550050555555555555555555555555555555555555555555555555555555555555555555555555555555555555555555555555555555555555555555555555555555555555555555555555555555555555555555555555555555555555555555555
000055550500505555555555505555555555555555555555555555555555555555555555555555555555055555555555555555555555555555555555555555555555555555555555555555555555555555555555555555555555555555555555555555555555555555555555555555555555555555555555555555555555555555
055505505555550055555555055505505500505555555555555555555555555555555555555555555555555555555555555555555555555555555555555555555555555555555555555555555555555555555555555555555555555555555555555555555555555555555555555555555555555555555555555555555555555555
050505555005055055555555555555555555555555555555555555555555555555555555555555555555555555555555555555555555555555555555555555555555555555555555555555555555555555555555555555555555555555555555555555555555555555555555555555555555555555555555555555555555555555
555055555555555555055555555555555555555555555555555555555555555555555555555555555555555555555555555555555555555555555555555555555555555555555555555555555555555555555555555555555555555555555555555555555555555555555555555555555555555555555555555555555555555555
555555555550555555555555555555550555555555555555550555555555555555555555555555555555555555555555555555555555555555555555555555555555555555555555555555555555555555555555555555555555555555555555555555555555555555555555555555555555555555555555555555555555555555
555555555555555555555555555505555555555555555555555555555555555555555555555555555555555555555555555555555555555555555555555555555555555555555555555555555555555555555555555555555555555555555555555555555555555555555555555555555555555555555555555555555555555555
550555550055555555555555055555555555555555555555555555555555555555555555555555555555555555555555555555555555555555555555555555555555555555555555555555555555555555555555555555555555555555555555555555555555555555555555555555555555555555555555555555555555555555
555555555555555555555555555555555555555555555555555555555555555555555555555555555555555555555555555555555555555555555555555555555555555555555555555555555555555555555555555555555555555555555555555555555555555555555555555555555555555555555555555555555555555555
555555555555555555555555555555555555555555555555555555555555555555555555555555555555555555555555555555555555555555555555555555555555555555555555555555555555555555555555555555555555555555555555555555555555555555555555555555555555555555555555555555555555555555
555055555555555555555555555555555555555555555555555555555555555555555555555555555555555555555555555555555555555555555555555555555555555555555555555555555555555555555555555555555555555555555555555555555555555555555555555555555555555555555555555555555555555555
555555505555555555555555555555555555555555555555555555555555555555555555555555555555555555555555555555555555555555555555555555555555555555555555555555555555555555555555555555555555555555555555555555555555555555555555555555555555555555555555555555555555555555
