Exact solutions: 0
Valid solutions: 714
12011110111001000100 10100101101010011010
00112001121202021002 01011010100101101010
20011010001100011110 10011010100101010110
11010001001021100110 01100110010101100110
10100000011011110101 10101001010101011010
10010001210110111010 10010110010101100110
10210001101000111001 10101010010101101001
11011010010200001101 10101010101010010101
01101000111010010110 01100101100110011010
01101100012012100201 01101001101010010101
01110100101101000021 01101001011010011001
01102210100010001112 10101001101010010101
22222002222121202112 10010101101001010110
00111001110011000101 01101010100110011010
01001001102011102110 01100101011001101001
11100012101020120201 01101001010110101001
00101001101110110001 01011010100101101001
11100001101011010100 01101001010110011010
12210021212221021200 10010110010101101010
20121121201120122100 01011010101001101010
21022002101120020221 01010110100110101001
10111100100101021000 10011001101001101001
00110111110001010001 10101001011010101001
01011110010010100110 10100110101010010110
10111100100100011210 10011010101001010101
10010211100000010221 10100110100110101001
21222022222220222222 01101010010101010110
00110010101010112001 01010110010110101001
21220200200222100001 10101001011001101001
11001000010111011010 10010101100101010110
10021210112001022202 10010101100110011010
22222222202220222222 01011010010101100101
10101012010202101010 10011001010110100110
20210100122110021010 01010110011001010110
00001110011001101110 01100101101010010110
12001011001001100012 01101001101010100101
20222221220212122000 10010110011001101010
10010111001010121000 01100110011010100101
01101001001011011001 01101001100101101001
00021110120220111202 10010110011010011010
21111011010001121000 10101001100110101010
01110111000000010111 10101010011010100101
10100110110120200102 10011001011010011010
01210010211112012000 01010110100110011010
00001111110010110002 10100101010110101010
01121012100120000110 01101010101010011001
11101001100002110120 10101001010101011001
01010200011110100121 01100110011001010110
01010100101101111000 01010101010101011001
12111001102000001101 10101010101001011001
00011002022121122112 01010110010101010110
11211200022110010010 10100110100110010110
12000022211110010011 01010110010110100110
10100111101011100000 01011001011010101010
02002020001211022110 01110101100100010110
00000010101121110111 01010101010110011001
01001101101000011011 01101001100101100101
21212121222221222220 01100110100110010110
00100021010001111110 01101001010101100110
21010121102011001022 10100101101001101001
22221222212102022101 10001001101110011010
01202200110211010110 01100101100110011010
10110010110012000111 10101010010010011101
20122212221002222202 01101010101010011010
00101101011001210010 01101001100101100110
10000100001111120110 10010101011001010110
00000011112100011111 01010110010101011010
11202100210102111020 10101001011001100110
01011000011001101011 01100101010101010110
00110011010111010020 01011001010110100110
20011021100122101002 10010110010101101001
22022120022200122121 10101010011010010101
12022222222021222122 10100110100101010110
10000221011120012002 11010100100110101010
00010100110110111100 01010110011001011010
22222222122222221222 10101001101010100101
20112020012012010211 01010110100110010101
22222222222222222222 10010101011001101010
00111100100010011011 01011010100101010101
01201211010000101101 10101010011001101001
00010000111010011111 01110110010101010100
21101022220102221122 10101001100101010110
22101000200200100211 10011001011001010101
22110002000102121120 10011010010101010101
10011010011100101001 01010010110101011001
00110111000001110011 10101001010110100101
01101110001100010101 01011001101010010101
12202201202122212021 10011001010101101001
10001011111010120010 10100101100110101010
00010001010110111110 01010110010101100110
22222222222222222222 10010101010110100110
10110112100011100001 10101001011010101001
00111110120100010110 01011010100110010110
11021022012022002000 10100101101001101010
11001111200100000101 10100101101010101001
22021022122221022122 01100101100101101010
01111110000000110110 10101010010110010110
12210112020012121210 10100110011001100110
02012020120220221112 01100110010101010101
12201211010010101001 10100101011001101010
00110000011110012101 01011010010101010101
01001010211101010101 01011001100110011010
11001011010010000111 10100101101010100110
00111001000101102121 10011010100101010101
10101111010000100101 10101001011010100101
01100100101000111110 01101010010101011001
01201100222112122100 01100101011001011010
01000111000110111010 01100110011001100110
11101001000110101010 10011001100101100110
22122222222212122222 10101001100101101010
11011010011002111000 01100110010110101010
11001001001011001101 10100101101001101001
10100021010101111010 10011001010101100110
01201200200021012110 01100101100101010110
00001001010011201111 01010101101001010101
22122222222022221002 10100101011001101010
11201211002001222122 10101001100110100101
01101100111001012201 01101001100101011001
02011200120011000111 01100110101001011001
00101002021110110001 01010101010110100101
02021010010111110220 01010101010110010110
11100101100011010010 10101001011001100110
01010010101102010101 01010110010110011001
10100020112101200001 10011001010110011010
00121122110010011011 01011010100101100101
00101101101100001101 01011001101001011001
22222222222222222222 01101001101001100110
00010121110000010112 01000110101110100110
11000011112000012100 10101001100110011010
11101011010021200001 10101001101010100101
00120020121012202212 01011001010101011010
00221111110011202100 10010101101010011010
10001001110110001101 10010110101001101010
11001010010011111000 10100101010110100110
12200010210101000101 10011001011010011010
01110011011000010110 01101010010110010110
22021201012002012012 01101010100101100110
11010101010100100110 10010110011010010110
00121100212221012010 01011001100101100110
11212010101200201200 10101010010110011010
10201222222122220222 10010101100110010101
12121101000011010001 10100101101001101001
10011011100010100101 10010110011010011001
20121212022102001101 01011001101001011001
01010120221221222202 01100101011001011001
02120221222222202120 01101010011010101010
22022222200002222221 10101010010101010101
01010000101011011110 01100101100101010110
00010010101001111101 01010101010101011001
22000222202222222222 01100101010101010101
11110001102210010100 10100110010101101001
12221222222222202222 10011001101001011010
11200100111100100001 01011001011010101010
01100101210110220201 10011010011010101010
21221222221220221210 10100110101001010110
11100100101100111000 10011001011001011010
22202222022222222222 10011001011001100101
00100010111010100111 01101010011010011010
00011100011101111000 01011010100101100110
11010101201110200012 10100110011001100101
10100101100101111000 10011001010101101010
01012222001212222222 01100101010110100101
02101100210211001221 10101001101001011010
10110111012101000001 10011010101010101010
22000110000111101101 10010101011010010101
10012001111001200110 10010110011001100110
10001010110111100010 10010101100110011010
22011011002001001021 10100101100101100101
22222222200001202121 10101001101010010101
00021101101011122100 01100101101001101001
12010011120122011001 10010110100101101001
11221222222202220022 10101001100110100110
11002001020011011110 10100101100101100110
12202221222212010022 10100101100110101010
10010010110210011010 10010110100110100110
11101000011101100100 01011001101001011010
00012110100110111100 10010110010110011010
01221211000010022001 10100110101010101001
10110001100101100011 10011001010101101001
21222222201122202022 10100101011001100101
01001011112021100010 01100101101010100110
00110101200010111010 10011010010101100101
22212002221002021120 01101010100101010110
11000001111110100100 10100110010110011010
02121000211111111002 01011101100101001010
12122201222122022222 10100101101001100110
00001101011110011001 01010101100101100101
00001001011111121000 01010101100101100110
02222222221222222222 01011001010110011001
00000101122021111010 01100101011001100110
20012010121020210011 01010110010110011001
10002100121121200001 10010101101001101001
10102112210210100110 10011010011010010110
11100120001100101010 10011001011001100101
11011021222221000000 10100101101010101010
02222221221110102122 01010110011010100110
02222121210110200122 01010110101010010110
01000101001101111010 01101001011001100110
02111022010021000221 01101000101110010110
01010100101011021001 01100101101001011001
00001101110111001001 10010101101001101001
22222222222212222221 10011001100101101001
10112012200111101010 10011010010101100101
00010020101102110110 01010110010110010101
20222220222122112012 01011001010101100101
12210211120121100001 10010110011010101001
02201111010110000101 01010101101010101001
21110011101100000001 01011010100110101001
12020122211122202002 01010101011001101010
22112010021100002111 01011010100110010101
11001110100110001100 10100101101010011001
22001102121101210020 01010101100101101010
01000200101000111111 01100101010101010101
11010110101100010100 10101010010110011001
00010010101100111101 01010110010110011001
00101011001111021100 01010101100110011001
11101110200001100011 10101001011010010101
22222102122221212122 01000101101101101010
20002011222220211001 01010110100101101001
11211120000210122100 10100110101010011001
11101201120012001022 10101001101001101010
11010000110111001010 10010101011001011010
11020100110011011000 10100101010101101010
00121110110112000100 01011010101010011010
02010000212110110111 01010110010110010101
22202222222222212202 11001001010110011001
20202120202222212222 01010101010101010101
20120010111001010011 01011001100110010101
01101010010010101011 10100101101001100101
01221100111020001112 01101010101001011010
01211122011022112010 01101010010110100110
10110010000101101101 10011001010101011001
01100212100012010011 01100101010110101001
01001002200112012022 01100101100101100101
00111200011000101101 01101010101001010110
00111110110010100100 01101010011010011010
10100111101000011100 01101001010110101001
11010101010100001011 10100110101001100101
01211012010001110012 01101010100110100110
10011111010111000000 10010101101010101010
20111211010020100222 10101010101010100110
01000001010111111001 10010101010101101001
10011001001101100011 10011010100101100101
10011010002011101100 10100101010101011010
02112222012112222102 01010110100101010110
02200021001212111100 01010101010101011001
10222112002010101102 10010110011010011001
20221222120202222201 10011001101001011001
12112021022012222112 10100110010110100101
00010012111000120120 01010110010110011010
01212210221010202121 01100110011010011001
10101010010110110100 10010110100110011010
12001022110122210221 10010101100110101010
11010000101110111000 10100110010101101010
11000101101001101010 10100101011001100110
21010010001010011011 01100110010101100101
20202112212010001221 10010110101010011010
01101101101000021110 01101001101001100101
12210202020222221000 10101010010101100110
01100001010111201001 01101001010101101001
22222222222222222221 10101001010101011001
02111212220010010100 01100110100110011010
22222220222222222222 10010101101010011001
10100101002011111000 10100101010101101001
12012120022010211100 10100110101001011010
11000101211010010101 01100101101001101010
11010001101000011101 10100110100101101001
12100222210121022112 10011001010101010110
01100011100110110010 01011001010110101010
10211110000100010101 10011010101010010101
20020202212122222111 01010101011001010101
11001010212011210020 10100101100110100110
02111210200001210211 10101010100110010101
01111110010010100120 10101010011010010110
22222222222222222222 10010110010101101001
01011011101100010010 01010110100110101001
01111110100100120000 10101010011010101001
00011010002110010111 01010110100110010101
20022110010111202011 10010101101010100110
11100010011000010111 01101010010110010110
21001000101211001021 01100101101001101001
02210020210220211222 10100110010101010110
01101101111000000101 01101010101010011010
00012212212122100222 01010110011010101010
22000222122220222211 10100101010101100101
00011011120011011000 01010101100110101010
11101121101021100000 01101001011010101001
22222222222122222222 10011010100110101010
11000000101111001110 10010101011001010101
01011010101101110000 01011010100110011001
01101101100011001001 10100101101001101001
11000100112120121010 10010101011001101010
21212220220121020112 10010101100110010110
22100210111122102212 01011001011010011010
02200200221121021202 01010101011001011010
20221112202201200112 01011001101010010101
00101110000111101100 01011001011001010101
00011110100101010011 01010110100110010101
10000100101101100111 10010101011010010101
10110001011010010101 10100110010110011001
10010101010111010100 10010110010101101010
01010000111010001111 01100110101001010110
00111001210011010101 10101001100110011010
02121001002101210101 01011001100101101001
10112101201000101001 10101010011001101001
00100011020101011021 01011001010110100101
10110001001122010111 01011010010110010101
00111010110011002001 01100101100110101010
00001011010010111011 01100101010110100101
21222221222221021000 01100101100101101010
11011000100011010110 10100110100110011010
21102120002101202102 01101001011010010101
11000121121200210011 01101001011010100101
00010010101010101111 01100110010101010101
11100101110000001011 10101010011001100110
22020112201101120220 01011001011010100110
12022012220212212220 10100110010110011010
11011000101101010001 10011001100110011001
10100210110001011110 10101001100101010110
00011100101021000111 01100110101010010101
21101101201221010201 01101001100110101001
00212221220022102222 01011010011001101010
22222222222202022222 10001010010111010101
10212000110101012010 10011001100101101010
11011100100010100011 10100110101010011001
11000101111001001001 01101001101001101001
20012102022210112112 10010110010101010101
01110011010011001100 01100110100110010110
00201110021102011110 01011001101010010110
21021221212002010112 01100101100110100110
21100010111010011100 01100111010100011010
22222222022222222222 01010110010101100101
00000001121101120111 01010101010110010101
01110110000000011111 01101010101001010101
02122012221222222210 01011001100110101010
00100020021110101211 01010101011001010101
00001021101101110101 01011001010110101001
12101112010001011000 10101001101010101010
22220202012212202120 10100110011001010110
12220110210002000222 10101010011010011010
00010111010110001011 01010110101010100101
00000110011101121101 01010101011010010110
10022002112220022222 10010110100101101010
12010110011110202000 01010110011010101010
22000112012010022111 01100110101010010101
01000110220011101010 10100101011010100110
11010010110100101100 10100110010101011010
02100010111000001111 01101001101010010101
00011002010101001121 10010101100101010101
10000202110021111212 10100101010101010110
22222210222122022022 01101001101010011010
01202211001011010101 01100101100110011001
11001111000111100000 10010101011010100101
11110012100110101000 10100110010110101001
22122220222202212022 01101001101001011001
02201212201112201212 01010101101010100101
22022221222221222022 10010101010110100101
20012001110011111000 10010101010101101010
10110111000010110010 10010110010110100101
10001101011111200120 10010101101001010110
10000211111110010100 10010110100110101010
00100001111000011121 01111010100101001010
01101002222000112021 01101001100101100101
01101100110001010011 01101001101010101001
12201011010101000012 10011001101010100110
01111111020101020000 01011001101010100110
00110010001101110101 01011001010110010101
10010111001010001110 01100110011010010110
00101010011011001101 01010101100110011010
12221101101000012010 01101010100101101001
00101112001110001001 01011010101001101001
10111010001101000012 10011001101010010101
12111211120022021012 10101010100101101001
21120220001000121101 01101010011001010101
11000110100211011001 10100101010101101001
21110001010010001111 10101010011001100110
12112111010001000002 10101001101010101010
00100011001110100211 01011010010110100101
21222222211221222222 10011001101001011010
22220221222222222222 10011001011010010101
02122111102112100201 01010110011010101001
21110222110201220220 10101010011010011010
01020010001002111101 01101001010101011001
20021102020201202111 10010101101001010101
10001001101110110100 10010110010110011010
10110211010001010122 10011010010110010110
20101110201101102021 01011001101010011001
11101111010010001200 10100101101010101010
11101101110000000101 10101010101001011001
11211010120220210021 10101010100110101001
21110011112020100001 01101010011010101010
00121212010021202110 10101001101010010110
11010100010001110101 10101010010110011001
02000101100102011011 11010001101001101001
10012111100200011100 10010110100110101010
10211022201020001021 01011010100101100101
00011121010111000110 10010110101010010110
21220212020210212220 10100110010110100110
01101000000111111100 10011001100101011010
01011202111210002012 01100110101001101010
10201000011110100210 01010101101010010110
01102101121000020101 01101001101001101001
22202121220210221222 10010110011001100101
02212111102220021101 01011010101001101001
11001100010001001111 10101001101001010110
10121012110211000010 10011001101010101010
00100221202110110221 01010110010110101001
01111000200211110102 10101001010110011001
02100220110121100111 10011001011010010110
11100110101000111000 10101010010110011001
01201010001101121120 01011001100101010110
20011001110121200100 10010101101010101010
22202110201222222110 01011001011010010110
22112221210200211111 10011010010101100110
00112000011101101100 01011001010101010110
00112110110110000101 10011010101010011001
01111011202200021202 01101010100101101001
01101010111010100010 01101010010110011010
01001011002011011011 01100101100110100101
12220000001212011220 01010101010101010110
00011200111010110011 01100110010110101001
11110000022101122222 10101001010101010101
12102120221201021000 01101001101001101010
01011101012110101002 01010110011001100110
11200101002010001101 10100110101001100101
01100011010001110101 01101001010110010110
11111112000011000010 10101010101010100101
11110001001110100100 01100110011010011010
02001010011120110120 01010101100110010110
02210211100210210212 10100110010110101001
00101010011100111010 01011010010110010110
01011111010121010000 01010101101010100110
11000111011101000001 10011001011010100101
12022020211001222222 01100101100110010110
11221110021202120120 10101010101010010110
00012111120121110000 10010110011010101010
11110102010001021001 10101000101001101101
20200201212120010022 10011001010110100110
21022122011010100101 01100110011010011001
02022222221222202002 01100110101001101010
10201202111121220100 10010101100110011010
21012110100200122100 10101010011010011001
22222222222221220222 10011011010010011010
11000100101100100111 01101001011010010101
10101011011000012010 10101010100110100110
00011112121120110000 01010110101010101010
11011100010010011010 10100110100101100110
12112101201100110020 10011010010110101001
22011102202020102011 01100110011001100101
01100110001020111122 01101010010101010101
00101120001100111011 01011010010101010101
12011210110200012110 10101010100110010110
11221000212202011220 10101010100101011010
01012101200010112010 01100110010101100110
01120211020010101010 01100110011010100110
11001010111100002010 10010101101010101010
02022011200101000110 01010101101010100101
22222220002022201222 10101001011001010101
01110110101000101001 01101010011010011001
02011211011000101002 01101010101010100110
01121001000011101001 01101001101001100101
21221221221002201012 01101010101001100110
01010010121010100111 01100110010110010101
01110001101001010101 01101001100110101001
11110020111010100100 01101010011010011010
00101000121101111001 01011001100101101001
00222022122222021211 01011010100101101001
11010112011001100000 10101010011010101010
01000002112100102111 01101001010101010110
01011011012000112012 01100110010110100110
01102201001101100102 01011001011010100101
11010000100110010111 10100110010110010101
12201100111102100100 01011001011001011010
20110012011101010210 01011010010110100110
11000010110010101101 10100110011001011001
20010102112120000122 01010110011001011010
11010001101001010110 01100110100110011010
22222222222222022222 01010110100110101001
21110001100100101110 10011010011001010101
00110102000111111002 01010101011001100101
11100100110100111000 10101001011001101010
21121201012100001012 10101010101001100110
11110001001201011001 10101001010101101001
10201010112010100010 10010110010110100110
00222012221012202200 01100110101010011010
10011201010101110000 10010110010101100110
20122011221100012112 01011010100110100110
12112002020221201122 10101001101001010110
10110110000101111000 10011001011010100101
01000120110010011111 01100101011001010101
20222222212110210201 10010110010110011001
02110101101010102100 01100110011001011010
11110200202001212211 10101010010101010101
22222222100222222222 10011010101010101001
11100002101101200211 01011001010101001101
11001110010101101000 10011001101010010110
22022222222122122220 10100110010110100110
21222202201022002012 01101001101001100101
10212110110201200012 10011010011010010110
02220021221010212112 01100110010101010101
10100011100101002011 10011001100110101001
01210211022022210011 01101010010110100101
12022100000222220111 10100110101001010101
10211002111000021021 10101010100101101001
01120000111110101000 01100110010101011010
01101110010110001010 01100101101001010110
10020221012222021021 10010101100101100101
12001110110101000101 10010101101010011010
01211000001101110010 01011010010110100110
10101100101100000121 01011001101010011001
22012002222201102110 10101001010101010110
21110001100100110001 10011010010101101001
10010100010110110110 10010110010110010110
11010000100111101010 10100110011001010110
00200211121001012211 01101001010110101001
11100101120020021012 10101010101001101001
22122220102201221120 01101001111001011000
12010101021010011001 01100110011001101001
11020020100002101212 10101010011001011001
11020001101000011211 01100110010101101001
10011021110110020000 10010110100110101010
11112100210100010210 10101010101001010110
11100200111011001001 10100101011001011010
01100100121121001002 01011001101001101001
02001222022020221110 01100101100101010110
10001100110120010111 10010110100101010101
21111022101222121220 01101010010101011001
10101100201210010220 01010101100101011001
20000102221101212210 01011001010101010110
01110111100000001110 10101010011010101010
22021220012020201102 01100110101001011010
01100001011100110011 01011001010101100101
01002100022122011111 01100101100101010101
10111002010001001111 10101001101001010101
22001222012212210121 10010101100110010110
20100011111010202121 01100110011010011001
00101100101121001021 01011001101001011001
22222221222202220221 01011010101010010110
01211000101011012001 01100101100101101001
12122122222020121201 10101010011001101001
11101010010011100100 10100101011010011010
22222222212222222222 10011001010101011010
02120022122022022222 01101010010101101010
01101011001011001001 01100101100101100101
21112122100010220011 10101010101010100101
11222220222022022201 10101010100101011001
11101101000100100110 10101010101001100101
00210111000001121011 10011010011010100101
12100010100001100111 10101001010110011001
10222110022222221022 10010101101001010110
21010011011010202021 01100110010110100110
01000212111222122220 01100101011010011010
10120111000011210110 10101001011010100110
11100021221100000010 01101010101010100110
22101101100000102011 10101001011001101001
01001110110000110101 10100101101010011001
22222222222222222222 10010110010110011001
01110001020110011011 10010110010101100101
01001001110000011111 10101001100101010101
01111110101110000000 01100110101010101001
21200001100012011121 10100101010101011001
21111000000111200120 10100101100001010111
10000010011101112122 01010101010110010110
02112221202100220220 01011010100110101010
10001022000212021100 10010101100101011010
11100001102011100200 10101001010101101001
10122110112012000102 10011010101010011010
10110010001001110011 01011010010110100101
01100110111010110000 01101010010110011010
11112000011001010010 01101001100101100110
01111010011010100010 01100110011010100110
10011110001000111100 01011010101010011001
21222222222222122221 01101010101001101001
01100111210010000112 01101010011010100110
00111110001101100001 01011010101010100101
12111002112201010122 10011001100110011010
10000011110110111000 10010110010110101010
12020201211221100212 10100101011010100110
01002111100200011101 10101010100101011001
11001100011102211000 01100101100101110010
10111101010000101001 10101010101001100101
22110000122121102001 01011001011001011001
01010000111011011010 01100110010101010110
11220202121102022200 10011001011001101010
01001010111100021110 01100110100101011010
21101111000210020001 10100101101010101001
01000210111111000011 01100101011010010110
02220112222021021201 01101001011001101001
22102212222222022222 10100101100101001101
00112101010101011102 10011010100101010110
21222222021222222220 10011010011001100110
11010000200101210111 10100101010110010101
02022101200100111020 01011010010101100110
00111110100010010101 01100110100110011001
00111101100101101000 10011010101001101010
00011011120102110011 01010110100110100101
10011110100100210001 10011010011010011001
12222201020212101212 10010110011001100110
00011000011112111010 01010110100101100110
10001000102110001111 10010101100101010101
01000001111011001110 01100101101001101010
20101101011111000000 01011001101010100110
10100121101010001110 10101010101001011010
00110110001101110001 01011001010110011001
02120220100012101012 10100101011001100101
02101110002201001101 01011001101010011001
00202110001121112022 01011001011010100101
11001011000110000121 10010101100110100101
22002222211021202221 01100101011001101010
01101001111000011100 01101001100101101010
02001020111101011100 01010101100101011010
02000111100010001111 01100101101001101001
12222222022020111122 10100110010101010101
12120220010022210022 10101010010110100110
10111001201100100101 01011010111010001001
20002211222210122002 01010101011010101001
20220111111000101210 01011010011010101010
02002012220211210110 01010101100110010110
01111001100011001021 01101001100101101001
01110000010010101111 01101010011001010110
22222222202222222222 01010101100110101001
02220222222222122212 01100101011001101010
12102210100020110111 10101001010110011001
10111000020111100010 10010101010110010110
12010101120101102000 10010110011001101010
02201111121101000021 01011001101010101001
11001011000010110011 10100101010110100101
12110010102101020010 10011001100110011001
12222022222222022212 10100101100101011001
10110110011020000111 01011010011010010101
22220222222221222222 10010101010101101010
00101100110102011001 10011001101001011010
00211101011111000002 01010101101010100110
01010101001111100010 01100110011001100110
10101000011011001211 01101001100101010110
12101001110100110010 10011001010110101010
10000000110111011101 10010101100101011010
00222220010220111120 10011010010101010110
11011101110001000001 10101110101010101000
10110011221202101200 01011010010110101010
10100111000111100021 10010101011010100101
11212110220100111020 10011010011010011010
10100000110002011111 10011001010101010101
00010000111001110111 01100101010101011010
02011000210012111001 10100110010101101001
01120101011101101000 01011001011001100110
11112000001201000101 10101010101001011001
00102011212110100102 01011001011010011010
21010101111000001201 01101010101001101010
01100110001000111011 01101001010110010101
12222020020101022212 10011001100110010101
01000110010010111110 10100101011010010110
10111010000001111020 10101010100110100110
10100122100011110001 10100101011010101001
02212101001010110010 01100110010110100110
21112122122122211202 01100110011001011001
11011102010010011020 10100110100101100110
00110002120111112022 00011110010101101010
00000111001112010111 01010101101010100101
21010002001101101012 01100101010101100101
00110001001110110101 01011010010101100101
00022222221122220220 01010110011010010110
20010102211010220001 01010110011001101001
00010211211010001110 01100110101001100110
11011110001001100100 10101010101010011010
01001111101110000001 01010110101010101001
00121220110001210111 10011001100110010101
10101000101100001111 10011001101001010101
10000012001201212121 01010101010110010101
01000201000011111011 01100101010101100101
21020011111122020210 01010101010110101010
10011021100100110001 10010110010110101001
00110110220110001011 10010110011001010101
12210200221220111110 01010110010101010110
10000000111111101010 11010101010001010110
20102122021010220010 01011010101010100110
00010210111100001110 01011010011001011010
01010011001000112110 01101010010110010101
11000010111010001101 01100110010101011001
00001101001001111101 01100101101001011001
10020111111100011020 01010110101010101010
00010222100102011102 10011010010101011001
02110001111010012100 01101010100101011010
00011001101111011000 01010101100101101001
11001001100000101111 10100101100101011001
02002012110100211020 01010110100101101010
00201101001010011120 01100110101001010101
22222222222222222222 01100110101001010110
21010212022001202111 10101001011010010101
11100222100012011101 10101001010101011001
11001000010011011011 10100101100101010101
20101100001010111012 01010101011001010101
02112202202202221202 01011010100101101001
01010001101110110100 01100110010101011010
02202202212121222102 01010101100101011010
10020101101111020010 10010101011010101001
22020001012120221221 01010110010101100101
01101001001101100201 01101001011001101001
00101100011101101010 01011001101001100110
20110100001011021110 01100110011001010110
11010200111000101101 10101010011001011001
12101110000000110110 10101010100110010101
00002222222221022212 01010101100110010110
01110100011001110102 01101010011001010110
01010011001100012101 01100110100110010101
20212021220102222222 10011010010101101001
12222222222022222222 10100110100110101001
20221021221202022122 01011010100101100101
01100012000110101201 01101001011010101001
22222222202202222022 10011001010110100101
01101111000120200022 10101001101010100101
01000011100012110122 10100101010110011001
11100001100001100111 10101001011001100101
20012002110020201110 10010110011101010010
Invalid solutions: 286
11100101000111100001 10000101011001101001
01011001010110010101 10100110100100100110
22222222222222222222 01010101111001010110
20000100001110011111 01010111010101010101
02221010022202201220 01001000101001010110
02222000220222110212 01000110010110010110
02122101220220200102 00101010011001011010
01010110110021120101 10100101011010011000
00212220121222222012 01011110101010011001
10010100101000011111 10011110101001011001
01101010011000111010 01101011100101010110
01101011100011010100 11101001100110111001
01001001011000101111 01101011100101010101
11011000010001001111 10101000101001010101
10010110011101001020 01011010111010100110
11100000101100001111 01101010100101011101
22212202221112222222 01000101101001101001
22122010222021221202 11101001100101011001
10010000010111011011 10010100100101100100
10022201001201210120 11011001100110100110
22202011011221102101 01100001010110100101
10111001001011000011 11010101101001100101
22222222222222222222 01101001100001101010
20010120011211000101 01010101101010010010
01011011011120001000 01100110100101100010
12221211222202222222 01011000100101100101
11010000021200101121 01100110010001010101
10001111011010010100 01110110100110011010
10101110100100110001 10011010001010011001
22201220120002122222 10101001100001011010
10110100101122010001 01011010100101001001
01000111001111002010 01010101101010100100
11011100100010110001 10100110000110011001
12202121020222222022 10011101101010100101
22022122222202121122 10100110011001001010
10101020111000110110 01011011010110010110
11000100111010110100 01100101011101011010
11111010100001001100 10101000100110011010
20212200222211120200 10010101010100011010
10101021011010101010 10100010100101100110
00201222010010100111 10000110011010010101
11102001001011000122 10100101100101110101
00101020101111210011 01011101100110000001
10110000111100000111 01011010011110010110
00100001010021111101 11011001010101011010
11001100101111100000 10010101011001101011
02110101000211100111 01010100011010010101
00111101010011000101 00101010101010101001
11111110010100000100 10001010101010010110
01010111000100110011 11011010010110100101
11222222222112222212 01101001101011101010
01120010101101110001 01001001010110011001
21110001101020100110 01101010011110010110
00120112210100011110 01011010001010010110
20222221020222120222 10010001010110100101
11100020001111000101 10010101000110010001
02111022200200111100 00101010100101011001
22222222211000111202 01101010010101111010
11000021101120102010 10010110011011100110
01101000110010100111 11100101100110011001
10220021112000201021 10111010011001101010
01100120111221000002 01101001011010111010
00010111010101211220 01011000010110100110
00011010101001111012 01011010010110111001
22122222222222222222 00101000011010011001
11001101111001002010 01100101101001101110
22211100001112110000 01010110011010101110
22012002022222222212 01010101100101100100
12000001110100001111 10011010101101101001
12010011000111201100 10010110010001101010
11101011202010100201 10100101011110101001
02210011011011002010 01100110010010100110
11011110011210000001 01000110101010010110
00010111101101112000 01011000011010101010
02101201110121201020 11011001101001101010
11012211000200201211 10101010101011100101
22212222210222222202 10101010100110001010
00001102201110110011 01010100101010100101
02212211021110220101 01010110010010010101
11102010100102101010 10111001011010110110
02021001010121001102 10010101100101101110
01111101000101100100 11101010011010010110
20212121121021022222 01011011101010101001
11000021100110101110 10110111010101010101
01101111000101100100 01011001011010011101
01010110110011010100 10100101111010011010
22222211200012202211 10100100101010100101
11100011100100110020 10011011010110101001
01101000110120021101 10111001100101011010
11001110011020021010 10100101101010110110
11110021011010100200 10100010011010101010
21021110000011112100 10100101010110011000
02020222221212100220 01100110011010101110
11021002000012102011 10100111011001100101
20222221202212222122 01010010100101100101
22222202222022222022 10100101100101100001
01010101111100010002 01010010011010101000
00112202221212000212 01010010101000100110
11121102210222011020 10101010100001101010
11201210012020000101 10101000101010010110
00101010011210010110 01011000100110010110
11111222210210022222 10100110100110110110
22222222222222222222 01011001101010000110
11111110001000011000 10101010101101101010
10111010000110001011 10010010100010100101
11110001100000010111 10101010010101011101
00111001110100100101 10011010010110011011
01110100021101011022 01011010001001100101
12112001000210101010 10100110010001100110
01110111010100001100 01101010011001100010
11000011000101111010 10100101010110100111
12021121012220101110 10100110011001000110
00011101010010110011 01100110100101100111
20201100222110122001 01010110101001001001
11120000010010111102 10101010010101010010
11110012100101001000 10101010110101101001
22020222222222222122 01110110010101010101
21110010001020110201 01101010010110010001
00110100010011110110 10000101011001010110
00011100100121011110 10010101101001010010
11101001010101100201 10101001011001101101
02212201012222021120 01010110101001000110
01010001001010021111 01100110010101000101
10210122021211210011 00010101010110100101
00110101110100101001 00011010011001101010
20211220101021102001 01101001001001011001
10212012101011202000 10110101101010101010
10001101010011010110 10010101100010100110
01111001000101011001 10011001100101100001
20222222202221221220 11010101101010101010
02202102221211212222 01100101000101011001
01101111002021210210 01101001100010100110
10210011121002021022 01111010110110101001
22022222202200112202 10000110010101011001
20001111010110110000 10010100101010100110
21000111000211001120 10100101011001110101
11110100001100010210 11101010011001010111
01100122220202220201 11101001011010011001
11010011011020102001 01100110010110100010
10100110101020110010 00011001010110111000
10221011011022121000 10010110100111100110
22012222222212022222 01000101101001101001
11010001102011010011 10100111010110101001
01200101001110101110 01000101011001100110
02201111100110010010 01010111100110101001
02221212110102020201 00011001100110011001
02200021000121011011 01010001010101100101
22222022222222222222 10010111100110011010
22222220222222222220 11011010011010011010
22222222121222201222 01100100101001101010
10101101000110101001 10010001101001101001
11010011011000011100 01101010100110000110
10011001000101111010 10011101010101100101
12010001011102200111 10010010010001100101
01111020101100120120 01011010000110011001
01110110100100010101 10101010011110011001
01101100011110010010 01100010101010010110
10201010111100010011 01011010100110101000
22221122222222222222 01101001010101111001
01110101101100011000 01011010011001101000
00111110001101001001 01011000101010011001
12001110101100122010 10010110101010111010
00011001110011100121 10010101010100011010
00000011110111101100 00010101011010101010
12011100110100201010 10011010101001000110
12112020022122102002 10011010011011011010
02200121001110120110 01010101011010110111
10102021101200110010 00011010010110101010
21001101001100101011 01100100011001100101
11022201120102021000 10010110100001101010
01011001010011100120 11100110100101010110
10000100110011101101 10000101011001011001
00111101000001110101 10001010100100100101
10100010101210121010 10010110010101110101
10111001211100000010 10011010101101100110
10111100011000101001 00101010011001101010
00101100110111010010 10011101100101101110
01100011010100111001 01101010010111100011
11011112100102001000 10101010101010101011
22221222212120212102 10010110101001111010
10000221001121210110 00010101010110010101
01111011010110000010 00101010101010100110
00110101021000110110 01011010011010000110
01022211110200202021 10101010011010101000
10112100101120010010 01011010100100100100
21002222122201202202 10101101011010111001
01110010011001000211 01101001001010010101
01010010110110101001 01100110010100011001
10010000201110101011 10010110011101100101
11100010010011111000 10100001010101010110
11101100000110011001 10011000100101011001
10101001111110001000 01011001100001101010
22221202222020220222 10100110100111011110
00210210200012201121 10010110011010011101
01001000110110100111 10010110100100011010
01001101110020110001 01100101101000101010
11110010001001011100 10101001010110010100
21222222222212222222 01010110011101010101
01111000010010001111 10101110100101010101
02110111010100001010 01011010001010100110
00001100110112110110 01010101101000010110
10020012112102022022 10010001100110101010
00111111001010100010 01010110101010100100
22222222221100222222 01011010010111100110
11001211002120100100 10100110101010011101
10110110110001010010 10011001010110000110
00201202222220012212 01010111100101100101
12220001021111122000 10010101010101101110
00011011010111000021 11010101101010100101
01110110101101000001 01111010101010011001
02221222222022222222 01100001011010010101
22202222211222220200 01100101101010111010
11101101110010001000 10100100101001101010
00111000011000211121 01011010100101010111
21210121222211220222 01100101010110101101
10101001002001010111 10101001100101000101
12121222122221222022 10011000101101101000
10001100102011001011 10010101101001110101
10210100101000211002 00101010011001101001
10002201120202110122 10011101010111101001
02122000110121222010 10011001000101100110
11000101100110010121 10100101010110111001
02121010220010110011 11101010010110100101
00110010110001111001 10111001010101101011
10121212212112110000 10010111100110101010
10101101110000000111 10101001101001001010
10122012100100011011 10011010100101101101
10011110002200001210 10010110101000010101
12012111102010112100 10100110010010101001
00110001100011011101 01101010000101011001
00110011121001111000 01001010010101101010
01011001110100011001 11011010100101101010
11000110120002011210 10101001011010011110
11001100000200112211 10101010110101010101
10111010111000100010 01011010101010011110
20111000110011110201 10110101010110011010
22201221022221110121 10110101010110010101
02021022112220122201 01000110010101011001
10201000001000112111 00101010010101010101
10110000011001111122 01111010010101010110
10010001021001011112 10010010100101100110
22211001001112200011 01010110100100100101
01001121101000110011 01100001011010101001
02121210001111010100 01010101100110011000
01011210100001011011 01100110100111011001
11010100010100002111 10010010001001010110
12011021100010002111 10100110101100100001
22212212222222122222 10011001101010100001
20101011010010101120 10010110100001100110
21022012222221002220 11100101100110101010
11111001010100100001 10011010011010100111
22221222222222220222 10010101100110011101
00101100112100011110 01011010101101010110
22222222222222222222 00101101111001011001
00110100100121001101 10011010001001011001
11001001101110100001 10000101010110101001
10122000201010101211 10110110010101010101
00110110011110100001 01010110011010000101
12222222222222222222 10001001100101011001
10121002102022021100 10011010100101011011
11010101111001000001 01100100011010101010
11011111000100010010 10010010100110100110
10221211121211020100 10010101101110011010
11101101001010011020 01100001101001100110
10112011000001212011 10011000100110100101
10100012000110011111 10010110110101010101
11010100111101010000 10101110101001101010
01100110110011001010 10100101011010111010
22220222222222222022 01101010010100101010
11001001101000011110 11100110100101101010
11000101000101101110 10101101011001100101
01110000001011101120 01100111010101010101
10110010100011011100 10111010010110011010
22222200222112221022 01100101011001101000
10000100111101001110 10011101101001010110
11110000001121100001 01011001011011101001
02000201110010211001 11100110010101101001
10010110101110001010 01010110101010011011
00011221201010102010 01100110001001100101
10000010111001011101 11100101100101011001
00111200110101011000 00011001100101011010
01110012000101020110 10011010010110010111
10001000110121001221 10010101100001011001
10100110010011111000 10000101010110011010
11000101100101121001 10101101011001101001
01021001110101100201 00100101010101101010
