  T = 512
     Sigma    Overall Avg Uncertainty Fraction
  ---------------------------------------------
       1.0                            0.988226
       4.0                            0.987451
      20.0                            0.987059
      40.0                            0.989412
      60.0                            0.988610
     100.0                            0.988596
     140.0                            0.990150
     190.0                            0.990920
     240.0                            0.993281
