  T = 128
     Sigma    Overall Avg Uncertainty Fraction
  ---------------------------------------------
       1.0                            0.994099
       4.0                            0.989792
      20.0                            0.989011
      40.0                            0.990952
      60.0                            0.991349
     100.0                            0.992520
     140.0                            0.991723
     190.0                            0.992894
     240.0                            0.993278
