  T = 512
     Sigma    Overall Avg Uncertainty Fraction
  ---------------------------------------------
       1.0                            0.002900
       4.0                            0.008627
      20.0                            0.016863
      40.0                            0.017668
      60.0                            0.024352
     100.0                            0.022450
     140.0                            0.023499
     190.0                            0.019763
     240.0                            0.020174
